18986
28974
69906
65509
3794b
87580
34103
4590
86876
4596
4595
11211
52107
22885
30414
67329
4598
93274
99207
44728
3956
52038
30166
41682
73825
79389
99781
99780
2436
99206
60475
30237
87609
36841
36840
64570
4733
4070
47905
26604
87087
32952
3678
3684
3688
30249
60481
3685
4460
2450
30503
6106
26601
30504
2419
68297
92584
47757
93348
22391
64867
48165
42862
43720
43721
6153
22385
27263
27928
35787
3660
3665
3747b
4287
2341
3676
2449
67440
41770
41769
43719
47398
47397
3934
3933
78443
78444
4856
4855
41764
41765
43713
6564
6565
41767
41768
50373
14413
2462
87620
30505
24307
24299
65426
65429
32059
51739
47407
48205
48208
3040
3037
3039
3038
3045
3046
92946
4445
23949
28192
27262
11289
30363
4515
60477
54200
61409
85984
49618
15706
2413
2625
79846
3298
3297
4286
4161
99301
3675
3939
3300
3299
89523
6063
43722
43723
54384
54383
50305
50304
4859
30355
30356
4861
47759
13548
43708
48933
43711
43710
78886
4176
2437
6238
92583
57783
6070
3823
52501
4854
4871
60219
22889
32802
3049c
3044b
3048
3041
3043
3042
22388
35464
13269
32083
24482
43892
27257
15064
15362
15082
11089
92220
19119
4727
4728
24866
24855
32606
39262
68211
30153
30385
42284
42291
11127
36451a
65092
35646
89522
40379
16770
27261
87747
53451
13564
40378
64847
49668
15070
15209
15208
22667
33085
33051
33172
33183
35574
51270
6126
64647
37775
27256
27393
80519
73304
18395
2566
2423
2417
30176
6148
30239
32607
37695
6255
69858
18970
90981
30093
15279
2435
6064
3471
28870
55236
2488
49577
57909
62712
57908
64276
50923
98613
60176
3184
98263
63082
3731
14417
14419
14418
14704
48169
48171
48170
48172
47455
2508
30395
2736
6628
22484
22890
15460
4162
6636
63864
2431
3069b
3070b
14719
3068b
87079
26603
3020
3021
3022
3034
3795
2445
3832
91988
4282
3031
3032
3035
3030
3029
11212
3010
3009
3008
6111
6112
2465
3622
2357
3004
3005
92593
88646
6179
6180
6178
6205
33909
4151
2456
3001
3002
3003
3006
3007
11203
35459
10202
69729
1751
90498
3028
3456
3027
92438
3033
3036
3958
41539
91405
69958
15624
71772
18922
3811
3867
2639
2420
15397
64799
73831
77844
2454
2453
43888
30145
3245b
30144
14716
22886
49311
86996
3023
3024
3460
3623
3666
3710
4477
60479
78329
3065
3066
46212
47975
30386
30540
30541
989
30364
30365
30387
30388
30389
40902
61485
3679-3680
3680c01
27448
35443
35442
35446
30396
47973
30552
41532
30553
14137
57906
44300
92582
44822
44568
44570
65133
60471
30383
44301
44302
44567
2429-2430
2429c01
3830-3831
3937-3938
3937c01
6134
2345
4444
3853
3581
3861
4347
3582
3856
2466
7026
4448
2555
73590
61070
61071
32177
53533
32251
2905
44374
3647
4019
3650
6630
15457
14149
4143
19071c01
19106
6538
3651
4273
4265
2719
4262
4263
4442
2711
2712
4729
6539
2909
6572
6571
11949
30360
4744
6184
93590
50947
93589
30373
27255
32084
30382
4084
122c01
3137c01
4288
4211
4166
3229
3230
4023c01
4625
4214
4275
4276
4315
4531
2433
2452
90612
90609
90607
90611
90608
90605
89650
61054
2356
3742
33291
3741
90617
90615
90616
90613
47300
90640
93575
90622
98577
47432
47452
47454
47431
12884
3481
98287
2434
2342
4213
2349
3612
3149
6541
3700
3701
3703
32018
3895
2730
3702
3894
77107
6232
30526
2458
30000
30592
6249
49699
6641
32187
18947
35188
35186
46834
46835
18948
22961
27940
87082
15100
10197
57585
48723
90202
24122
32138
61184
47994
77765
32556
3673
4274
32002
6558
32054
65826
2780
89678
11954
62531
61069
18944
24116
24119
24118
42531
32056
32249
32250
33299
2825
99773
64451
32293
2739
2637
32294
3743
87761
64781
18940
18942
99012
61800
65422
98135
43857
60483
32523
32316
32278
41239
32525
40490
32524
87080
87086
64683
64391
11947
11946
64681
64393
32209
6587
99008
55013
15462
87083
24316
3711
3873
57518
57520
57519
24375
42529
69910
47223a
19482
19475
21761
99021
4697
87407
32198
32269
35185
3648
60c01
69779
32062
4519
3705
25214
65473
98585
60208
22410
62462
59443
18654
32123
3713
40244
26287
53586
32498
3649
62821
99009
18938
18939
46372
65413
65414
18677
11458
2444
2817
26599
32530
32529
98286
98285
2723
32474b
32474a
53585b
61510
15540
41669
18945
15458
64782
71709
67139
46882
69911
71689
32333
55615
48989
32557
15461
72008
2393
18975
65635
40344
32324
40345
32555
67446
65803
731
92693
61927c01
61904
3709b
3738
32001
32124
32125
64566
6553
11272
32039
45590
48496
87408
11455
62520c01
32126
32348
32271
6629
32009
32140
32526
60484
71708
30361a
6222
17485
64179
64178
14720
39794
39793
39369
39790
67491
3749
43093
11214
18651
65249
32184
42003
6536
32291
32068
98989
92907
63869
44809
69819
80910
64394
64680
64392
64682
71682
67142
68196
89679
85943
32000
32064
90258
39789
73230
73109
91176
41677
32065
32449
6632
32063
32017
11478
4716
6588
6585
32072
4185
27938
2815
24014
24121
78442
32013
32034
32016
32192
32015
32014
10288
2476
15092
2460
30157
30390
15459
57515
32069
3736
2741
40001
2819
35189
39370
52629
92906c
23801
92910c
92908
92909
11950
52730
52731
77590
6575
2852
2853
2854
2850
2851
71710
85940
44224
44225
80286
73507
2391
10928
32270
6589
94925
6542
18946
11955
6510
61649
65273
6377
4890
4891
13358
12602
92094
3437
3011
4066
25550
87084
31110
2300
18783
2302
98252
98223
98224
98225
11170
11169
2301
48287
48411
48138
49465
48201
29304
11198
98222
98218
40666
98233
44524
4672
4196
25549
14721
6474
35114
63871
59349
30022
98280
23405
4215
87421
47847
65735
64453
6082
2377
4035
4863
6556
60603
62113
60621
6154
60800
60593
60592
60594
60598
86209
60602
2529
38320
60608
51239
60614
51266
73878
3185
3633
15332
33303
30056
19121
32932
32028
30586
4510
2653
4216
88393
4217
30413
91501
6231
93095
4864
4865
23969
23950
4865b
14718
2362
60596
57894
60623
60616
57895
4218
28327
42205
92589
60599
60806
80683
4175
30134
40243
2877
98283
15533
30136
30137
2412b
20310
71752
30046
30045
60808
30044
90195
20309
40066
35565
36752a
93058
98721
10187
22408
36017
86208
60849
44709
98139
18787
35485
76764
91884
4499
85863
90398
87989
15745
3852
92691
90540
87585
31990
98375
99563
30340
25892
24324
24093
4449
52494
6124
3836
4332
10172
30192
95342
30238
92586
30115
2547
18041
64727
93555
30089
98137
4528
18920
3837
92585
4006
33078
61482
2599
88704
12885
92690
37776
38014
4592
25375
30162
93094
11253
6254
6190
64644
4599
4079
577
4349
3899
6269
95228
4533
92410
4345
4346
61780
4738
4739
4536
35700
30150
2489
64951
95343
95344
19220
93789
53454
64728
4522
6256
25386
90370
66909
2530
98141
21459
58247
92738
95199
29109
25111
18034
10050
92198
92241
92252
92251
18896
42511
4719
92851
24312
24314
18895
23986
34173
98369
4529
34172
98374
22409
30173
2570
3848
93092
64454
64462
10169
92926
973
3626
373642-lightabove
418791-lightabove
970-lightabove
36036
24504
15619
61976
30177
62810
15677
30124
22402
3838
10052
48493
11303
11618
18853
18854
54568
24131
33322
4502a
40359
15534
37341
23860
93550
30222
67338
99774
90509
18746
13608
30132
2562
57899
33440
62885
33320
64648
29111
28588
33121
6120
4488
2926
4600
6157
4870
18892
21445
56145
55976
55978
44309
61481
15413
30602
44675
47457
41862
14682
50943
3475
61072
50949
2655
2496
2415
3464
4489
11208
11209
50862
50861
18671
11215
6087
4732
30029
65634
56908
41897
32019
86652
61480
45982
18450
2441
24326
56902
56897
61254
56903
18978a
18978b
18976
66727
4624
30027
59895
30028
87414
2903
2902
11957
88516
88517
50254
6583
57878
57999
38339
38340
43967
35157
55981
55982
89201
56891
18977
30391
58090
35578
4868
43121
41531
46667
62743
26021
24869
25061
26559
26560
26561
34738
26022
25059
72206
55889
49295
39367
65834
56904
56898
30699
47720
3829
3822
30663
98397
30031
67811
93604
52031
45677
98281
32739
15038
92912
44771
54120
6014
93595
42610
50951
56890
51011
60700
2421
6041
92842
15790
41530
2479
65768
47458
47456
6239
98834
2340
44661
28779
53400
53401
88492
88493
3228
6140
6020
4083
6187
2486
2039
23444
35654
15301c01
15303
15403
15391
15392
16968
18588
18587
41812
58827
64448
4476
64450
64449
1749
63141-synth
30104
92338
x127c21
85543
69754
69755
96874
3963
28738
22127
26910
45601
45610
22167
67351
22169
37308
28739
22168
49283
20844
20841
26912
37312
37316
47592
54675
21980
22172
26913
54696
68488
87574
2335
44676
4495
2525
15210
30259
51000
28220
30292
35649
1566
37494
4081b
4085c
11476
61252
63868
92280
60470
15712
78256
79987
2921
30236
92692
25893
34816
15071
77808
48336
60478
30043
88072
2540
18649
26047
78257
11090
48729
4735
30377
59230
93061
76116
6266
23443
72869
30359
3849
37762
42445
98549
73117
60476
30350
11399
60583
66252
32580
27965
27328
2569
3957
30374
87994
87618
63965
2714
78258
32828
65578
3900
98284
3839a
2432
2397
36452
92099
92107
69934
30165
6215
6192
6091
6081
6191
37352
67810
15625
71771
4589
3942
6233
3943
4742
85975
98100
29096
33492
18909
35563
38317
72824
54821
24946
50745
98282
62361
18974
28326
35789
49097
4740
43898
3960
44375
3961
50990
4285
18675
65138
79850
6177
27507
27925
67095
79393
65474
11610
49309
4588
3940
15470
2654
74698
30033
15469
15429
27266
80677
18969
35470
58176
44358
53119
11010
66821
11641
71952
88292
13965
2339
30099
18653
38583
38585
80543
22888
41948
30565
6003
74611
80031
42060
42061
45301
41750
41749
50955
50956
47755
68568
35044
80015
79491
13547
42023
24201
32803
11290
11301
54091
1750
68869
66792
66789
66790
89681
73832
79387
11477
93273
88930
15068
49307
66955
79756
79757
4150
98138
24246
25269
66857
1748
1126
39613
46342
39739
11609
39611
87617
30562
30987
73111
24593
6259
85941
87926
60373
4073
4032
85861
15535
18674
20482
35480
1745
3176
3941
3062b
3063
48092
92947
3626c
87081
2577
68013
35477
68325
86500
553
88293
30151
49612
20953
20952
49308
51283
30106
70681
78666
73682
62360
77180
77182
95188
58846
24599
65617
76795
15395
24947
76797
98835
41854
3788
44674
11291
41748
41747
43712
64225
29120
29119
47753
66956
80178
80177
33243
6005
6060
6183
65734
2571
18910
92474
76798
60474
11833
11213
18980
18646
30357
65140
61678
93606
42918
85970
42022
44126
50950
24309
3659
4490
6182
3455
3307
3308
6108
50967